2 are/have low PRICE 
 Measures: 
T1  = 0.00000
T2  = -3.62684
T3  = 0.02175
T4  = 0.00000
T5  = 1.00000
T6  = 0.99986
T7  = 0.99991
T8  = -1.31342
T9  = 1.00000
T10 = 1.00000
T11 = 1.00000
---
OPTIMAL (1 - 5)  = -0.85345
OPTIMAL (1 - 10) = 0.00812
